Date Time Id Name Type Percent
20190408 20 1 COMP2432A1 1 0.00 
20190408 21 2 COMP2422P1 0 0.00 
20190408 22 1 COMP2432A1 1 0.08 
20190409 19 2 COMP2422P1 0 0.04 
20190409 20 1 COMP2432A1 1 0.17 
20190409 21 2 COMP2422P1 0 0.08 
20190409 22 1 COMP2432A1 1 0.25 
20190410 19 2 COMP2422P1 0 0.12 
20190410 20 1 COMP2432A1 1 0.33 
20190410 21 2 COMP2422P1 0 0.15 
20190410 22 1 COMP2432A1 1 0.42 
20190411 19 2 COMP2422P1 0 0.19 
20190411 20 1 COMP2432A1 1 0.50 
20190411 21 2 COMP2422P1 0 0.23 
20190411 22 1 COMP2432A1 1 0.58 
20190412 19 2 COMP2422P1 0 0.27 
20190412 20 1 COMP2432A1 1 0.67 
20190412 21 2 COMP2422P1 0 0.31 
20190412 22 1 COMP2432A1 1 0.75 
20190413 19 2 COMP2422P1 0 0.35 
20190413 20 1 COMP2432A1 1 0.83 
20190413 21 2 COMP2422P1 0 0.38 
20190413 22 1 COMP2432A1 1 0.92 
20190414 19 2 COMP2422P1 0 0.42 
20190414 20 2 COMP2422P1 0 0.46 
20190414 21 2 COMP2422P1 0 0.50 
20190414 22 2 COMP2422P1 0 0.54 
20190415 19 2 COMP2422P1 0 0.58 
20190415 20 2 COMP2422P1 0 0.62 
20190415 21 2 COMP2422P1 0 0.65 
20190415 22 2 COMP2422P1 0 0.69 
20190416 19 2 COMP2422P1 0 0.73 
20190416 20 2 COMP2422P1 0 0.77 
20190416 21 2 COMP2422P1 0 0.81 
20190416 22 2 COMP2422P1 0 0.85 
20190417 19 2 COMP2422P1 0 0.88 
20190417 20 2 COMP2422P1 0 0.92 
20190417 21 2 COMP2422P1 0 0.96 
